4.660000000000000000e+02 2.000000000000000000e+00
4.670000000000000000e+02 2.000000000000000000e+00
4.940000000000000000e+02 2.000000000000000000e+00
4.950000000000000000e+02 2.000000000000000000e+00
4.960000000000000000e+02 2.000000000000000000e+00
5.070000000000000000e+02 2.000000000000000000e+00
5.080000000000000000e+02 2.000000000000000000e+00
5.190000000000000000e+02 2.000000000000000000e+00
5.200000000000000000e+02 2.000000000000000000e+00
5.340000000000000000e+02 2.000000000000000000e+00
5.570000000000000000e+02 2.000000000000000000e+00
5.750000000000000000e+02 2.000000000000000000e+00
5.870000000000000000e+02 2.000000000000000000e+00
5.880000000000000000e+02 2.000000000000000000e+00
6.160000000000000000e+02 2.000000000000000000e+00
6.170000000000000000e+02 2.000000000000000000e+00
6.390000000000000000e+02 2.000000000000000000e+00
6.400000000000000000e+02 2.000000000000000000e+00
