4.500000000000000000e+02 1.271136760711669922e+00 3.295215591788291931e-02
4.510000000000000000e+02 1.072497010231018066e+00 3.392866626381874084e-02
4.520000000000000000e+02 9.108459353446960449e-01 4.650230705738067627e-02
4.530000000000000000e+02 7.501844167709350586e-01 5.664245039224624634e-02
4.540000000000000000e+02 6.433475017547607422e-01 3.057173639535903931e-02
4.550000000000000000e+02 5.621836185455322266e-01 1.139508839696645737e-02
4.560000000000000000e+02 5.055758953094482422e-01 1.330136507749557495e-02
4.570000000000000000e+02 4.467359781265258789e-01 1.348501816391944885e-02
4.580000000000000000e+02 3.287993669509887695e-01 5.119956657290458679e-02
4.590000000000000000e+02 2.389436066150665283e-01 4.311212152242660522e-02
4.600000000000000000e+02 1.670454144477844238e-01 1.319858618080615997e-02
4.610000000000000000e+02 1.591286957263946533e-01 1.321150362491607666e-02
4.620000000000000000e+02 1.236510723829269409e-01 9.101247414946556091e-03
4.630000000000000000e+02 1.278056502342224121e-01 7.299998309463262558e-03
4.640000000000000000e+02 1.165607795119285583e-01 6.291836034506559372e-03
4.650000000000000000e+02 1.141167953610420227e-01 1.183122210204601288e-02
4.660000000000000000e+02 1.081683039665222168e-01 5.183194298297166824e-03
4.670000000000000000e+02 1.221796274185180664e-01 9.356144815683364868e-03
4.680000000000000000e+02 1.174110248684883118e-01 1.291554607450962067e-02
4.690000000000000000e+02 1.392194032669067383e-01 7.124936673790216446e-03
4.700000000000000000e+02 1.296017915010452271e-01 6.466459482908248901e-03
4.710000000000000000e+02 1.475697159767150879e-01 5.545757245272397995e-03
4.720000000000000000e+02 1.605430692434310913e-01 1.239410974085330963e-02
4.730000000000000000e+02 2.088258713483810425e-01 9.006402455270290375e-03
4.740000000000000000e+02 2.437004148960113525e-01 1.007917523384094238e-02
4.750000000000000000e+02 2.726583480834960938e-01 2.173789404332637787e-02
4.760000000000000000e+02 3.218385577201843262e-01 3.097304329276084900e-02
4.770000000000000000e+02 4.578136205673217773e-01 5.461348965764045715e-02
4.780000000000000000e+02 5.422002673149108887e-01 2.898356318473815918e-02
4.790000000000000000e+02 7.309058308601379395e-01 2.958462573587894440e-02
4.800000000000000000e+02 6.441155076026916504e-01 5.248718336224555969e-02
4.810000000000000000e+02 5.037759542465209961e-01 5.771353468298912048e-02
4.820000000000000000e+02 3.635126650333404541e-01 3.594111651182174683e-02
4.830000000000000000e+02 3.640638589859008789e-01 2.292006276547908783e-02
4.840000000000000000e+02 3.468362092971801758e-01 1.866648346185684204e-02
4.850000000000000000e+02 2.644455730915069580e-01 1.796230114996433258e-02
4.860000000000000000e+02 1.933786869049072266e-01 2.021486870944499969e-02
4.870000000000000000e+02 1.664211153984069824e-01 1.101894024759531021e-02
4.880000000000000000e+02 1.511632800102233887e-01 3.177229780703783035e-03
4.890000000000000000e+02 1.565125733613967896e-01 1.531510264612734318e-03
4.900000000000000000e+02 1.778281778097152710e-01 3.068926744163036346e-03
4.910000000000000000e+02 1.799887716770172119e-01 5.878300406038761139e-03
4.920000000000000000e+02 1.480839848518371582e-01 9.103285148739814758e-03
4.930000000000000000e+02 1.561005413532257080e-01 5.843241699039936066e-03
4.940000000000000000e+02 2.049033939838409424e-01 9.917931631207466125e-03
4.950000000000000000e+02 1.862575709819793701e-01 1.432695332914590836e-02
4.960000000000000000e+02 1.504292786121368408e-01 1.785209774971008301e-02
4.970000000000000000e+02 1.080492809414863586e-01 8.829351514577865601e-03
4.980000000000000000e+02 1.168659627437591553e-01 4.880349151790142059e-03
4.990000000000000000e+02 1.533243656158447266e-01 1.688120514154434204e-02
5.000000000000000000e+02 1.759057044982910156e-01 8.272471837699413300e-03
5.010000000000000000e+02 1.978752464056015015e-01 3.099110443145036697e-03
5.020000000000000000e+02 2.407618165016174316e-01 1.894953474402427673e-02
5.030000000000000000e+02 2.785525321960449219e-01 1.603079400956630707e-02
5.040000000000000000e+02 2.720890939235687256e-01 6.038756109774112701e-03
5.050000000000000000e+02 3.085060119628906250e-01 1.079351827502250671e-02
5.060000000000000000e+02 2.550166249275207520e-01 1.817714422941207886e-02
5.070000000000000000e+02 2.703567743301391602e-01 7.076925132423639297e-03
5.080000000000000000e+02 2.483860403299331665e-01 1.196605246514081955e-02
5.090000000000000000e+02 1.921980381011962891e-01 1.759983226656913757e-02
5.100000000000000000e+02 1.492320001125335693e-01 1.489896886050701141e-02
5.110000000000000000e+02 1.293820738792419434e-01 8.311236277222633362e-03
5.120000000000000000e+02 1.152483522891998291e-01 9.532820433378219604e-03
5.130000000000000000e+02 9.560757875442504883e-02 1.195070426911115646e-02
5.140000000000000000e+02 8.227472752332687378e-02 5.094558931887149811e-03
5.150000000000000000e+02 8.810248225927352905e-02 2.406009240075945854e-03
5.160000000000000000e+02 1.202099174261093140e-01 7.481923326849937439e-03
5.170000000000000000e+02 1.457580775022506714e-01 1.143112778663635254e-02
5.180000000000000000e+02 1.873356699943542480e-01 1.296216435730457306e-02
5.190000000000000000e+02 2.582961320877075195e-01 1.800075173377990723e-02
5.200000000000000000e+02 3.023057579994201660e-01 1.389173511415719986e-02
5.210000000000000000e+02 2.890034317970275879e-01 1.565773598849773407e-02
5.220000000000000000e+02 2.431982904672622681e-01 2.349604107439517975e-02
5.230000000000000000e+02 1.340237259864807129e-01 1.732072420418262482e-02
5.240000000000000000e+02 1.227848902344703674e-01 8.812573738396167755e-03
5.250000000000000000e+02 1.023385077714920044e-01 3.380986163392663002e-03
5.260000000000000000e+02 1.145764142274856567e-01 4.411997273564338684e-03
5.270000000000000000e+02 1.119183227419853210e-01 1.965954201295971870e-03
5.280000000000000000e+02 1.246005520224571228e-01 2.120375167578458786e-03
5.290000000000000000e+02 1.575655639171600342e-01 1.832598075270652771e-02
5.300000000000000000e+02 2.105595767498016357e-01 2.170157432556152344e-02
5.310000000000000000e+02 2.988039851188659668e-01 1.539167575538158417e-02
5.320000000000000000e+02 3.895324766635894775e-01 3.527769446372985840e-02
5.330000000000000000e+02 4.623949527740478516e-01 1.959911547601222992e-02
5.340000000000000000e+02 5.526313185691833496e-01 2.438657730817794800e-02
5.350000000000000000e+02 5.108793973922729492e-01 1.378720905631780624e-02
5.360000000000000000e+02 5.009571313858032227e-01 1.470407098531723022e-02
5.370000000000000000e+02 4.268962144851684570e-01 3.989405184984207153e-02
5.380000000000000000e+02 4.026566147804260254e-01 2.192904241383075714e-02
5.390000000000000000e+02 4.031541347503662109e-01 3.033034689724445343e-02
5.400000000000000000e+02 3.070012331008911133e-01 3.430243209004402161e-02
5.410000000000000000e+02 2.274436950683593750e-01 1.213776879012584686e-02
5.420000000000000000e+02 1.676529496908187866e-01 1.962000690400600433e-02
5.430000000000000000e+02 1.476613432168960571e-01 1.100438274443149567e-02
5.440000000000000000e+02 1.194291114807128906e-01 1.039309240877628326e-02
5.450000000000000000e+02 1.113884225487709045e-01 8.528533391654491425e-03
5.460000000000000000e+02 9.741932153701782227e-02 4.263764247298240662e-03
5.470000000000000000e+02 1.040410995483398438e-01 5.355996079742908478e-03
5.480000000000000000e+02 1.047388464212417603e-01 6.314090918749570847e-03
5.490000000000000000e+02 1.323194801807403564e-01 5.827949382364749908e-03
5.500000000000000000e+02 1.975246965885162354e-01 2.276909165084362030e-02
