5.590000000000000000e+02 1.425768435001373291e-01 7.162176072597503662e-03
5.600000000000000000e+02 1.301318407058715820e-01 6.679607555270195007e-03
5.610000000000000000e+02 1.460571438074111938e-01 1.071083173155784607e-02
5.620000000000000000e+02 1.404482871294021606e-01 5.292458925396203995e-03
5.630000000000000000e+02 1.522708237171173096e-01 1.176579017192125320e-02
5.640000000000000000e+02 1.462721526622772217e-01 5.341358948498964310e-03
5.650000000000000000e+02 1.721547693014144897e-01 1.775291748344898224e-02
5.660000000000000000e+02 1.863139420747756958e-01 2.259115315973758698e-02
5.670000000000000000e+02 2.408661842346191406e-01 2.959665656089782715e-02
5.680000000000000000e+02 2.986947000026702881e-01 4.814080521464347839e-02
5.690000000000000000e+02 3.892860412597656250e-01 5.006699636578559875e-02
5.700000000000000000e+02 5.653989315032958984e-01 4.792761802673339844e-02
5.710000000000000000e+02 6.517783999443054199e-01 3.966371715068817139e-02
5.720000000000000000e+02 6.678420305252075195e-01 2.179147675633430481e-02
5.730000000000000000e+02 5.641416907310485840e-01 3.350028768181800842e-02
5.740000000000000000e+02 4.391980171203613281e-01 3.688535839319229126e-02
5.750000000000000000e+02 3.419382572174072266e-01 2.314165607094764709e-02
5.760000000000000000e+02 3.160220384597778320e-01 2.394993975758552551e-02
5.770000000000000000e+02 2.223476320505142212e-01 2.498285286128520966e-02
5.780000000000000000e+02 1.953189969062805176e-01 1.385647896677255630e-02
5.790000000000000000e+02 1.434537619352340698e-01 8.240828290581703186e-03
5.800000000000000000e+02 1.203222051262855530e-01 3.122809808701276779e-03
5.810000000000000000e+02 1.137996241450309753e-01 4.145047627389431000e-03
5.820000000000000000e+02 1.107822582125663757e-01 2.450200729072093964e-03
5.830000000000000000e+02 1.272429972887039185e-01 2.325620502233505249e-03
5.840000000000000000e+02 1.354817003011703491e-01 8.771629072725772858e-03
5.850000000000000000e+02 1.727465093135833740e-01 2.768149226903915405e-02
5.860000000000000000e+02 2.412962913513183594e-01 2.335220016539096832e-02
5.870000000000000000e+02 3.285220265388488770e-01 2.412548288702964783e-02
5.880000000000000000e+02 4.131366908550262451e-01 4.951000586152076721e-02
5.890000000000000000e+02 4.512688219547271729e-01 1.881218701601028442e-02
5.900000000000000000e+02 4.308918416500091553e-01 3.821558132767677307e-02
5.910000000000000000e+02 3.533414602279663086e-01 2.578515931963920593e-02
5.920000000000000000e+02 2.718392312526702881e-01 2.582064829766750336e-02
5.930000000000000000e+02 2.101155966520309448e-01 1.049776375293731689e-02
5.940000000000000000e+02 1.503808349370956421e-01 1.188489422202110291e-02
5.950000000000000000e+02 1.279282420873641968e-01 4.444425925612449646e-03
5.960000000000000000e+02 1.061254590749740601e-01 2.901902655139565468e-03
5.970000000000000000e+02 1.042487323284149170e-01 4.464791156351566315e-03
5.980000000000000000e+02 1.126944273710250854e-01 1.276315469294786453e-02
5.990000000000000000e+02 1.161655262112617493e-01 6.392826791852712631e-03
6.000000000000000000e+02 1.263847500085830688e-01 1.303089596331119537e-02
6.010000000000000000e+02 1.574954390525817871e-01 1.769632473587989807e-02
6.020000000000000000e+02 1.582507938146591187e-01 4.291679244488477707e-03
6.030000000000000000e+02 1.661837100982666016e-01 9.899093769490718842e-03
6.040000000000000000e+02 1.800480037927627563e-01 1.265899185091257095e-02
6.050000000000000000e+02 1.586805284023284912e-01 5.441361572593450546e-03
6.060000000000000000e+02 1.385260522365570068e-01 3.795596770942211151e-03
6.070000000000000000e+02 1.232472360134124756e-01 2.638849895447492599e-03
6.080000000000000000e+02 1.280588060617446899e-01 7.787903305143117905e-03
6.090000000000000000e+02 1.161567866802215576e-01 3.040201729163527489e-03
6.100000000000000000e+02 1.107542216777801514e-01 2.499307971447706223e-03
6.110000000000000000e+02 1.106548979878425598e-01 7.263203151524066925e-03
6.120000000000000000e+02 1.090264916419982910e-01 3.214096883311867714e-03
6.130000000000000000e+02 1.170453131198883057e-01 5.999893881380558014e-03
6.140000000000000000e+02 1.154210120439529419e-01 9.316891431808471680e-03
6.150000000000000000e+02 1.344521492719650269e-01 1.064923778176307678e-02
6.160000000000000000e+02 1.558787822723388672e-01 6.603993009775876999e-03
6.170000000000000000e+02 1.457251459360122681e-01 3.355990629643201828e-03
6.180000000000000000e+02 1.352404057979583740e-01 5.594134796410799026e-03
6.190000000000000000e+02 1.084425598382949829e-01 3.107219701632857323e-03
6.200000000000000000e+02 1.016683280467987061e-01 2.017928054556250572e-03
6.210000000000000000e+02 1.037767678499221802e-01 4.261426161974668503e-03
6.220000000000000000e+02 1.122413575649261475e-01 6.546563468873500824e-03
6.230000000000000000e+02 1.299007236957550049e-01 4.315775353461503983e-03
6.240000000000000000e+02 1.418448388576507568e-01 8.135504089295864105e-03
6.250000000000000000e+02 1.757152378559112549e-01 4.238364845514297485e-02
6.260000000000000000e+02 2.035873532295227051e-01 2.249377779662609100e-02
6.270000000000000000e+02 3.086996674537658691e-01 3.099415078759193420e-02
6.280000000000000000e+02 2.833893299102783203e-01 1.522120274603366852e-02
6.290000000000000000e+02 2.722287774085998535e-01 7.328393869102001190e-03
6.300000000000000000e+02 2.417169213294982910e-01 3.122959518805146217e-03
6.310000000000000000e+02 2.308286726474761963e-01 7.870420813560485840e-03
6.320000000000000000e+02 1.797601282596588135e-01 1.059778872877359390e-02
6.330000000000000000e+02 1.506459712982177734e-01 6.910707801580429077e-03
6.340000000000000000e+02 1.353962570428848267e-01 8.665892295539379120e-03
6.350000000000000000e+02 1.276384741067886353e-01 4.421020392328500748e-03
6.360000000000000000e+02 1.241934075951576233e-01 5.185292102396488190e-03
6.370000000000000000e+02 1.213799118995666504e-01 4.372450057417154312e-03
6.380000000000000000e+02 1.402836740016937256e-01 4.374553449451923370e-03
6.390000000000000000e+02 2.037670165300369263e-01 2.620866335928440094e-02
6.400000000000000000e+02 2.547278404235839844e-01 3.138190507888793945e-02
6.410000000000000000e+02 1.935656368732452393e-01 1.617162674665451050e-02
6.420000000000000000e+02 2.248596400022506714e-01 6.771967280656099319e-03
6.430000000000000000e+02 3.138996362686157227e-01 2.729286253452301025e-02
6.440000000000000000e+02 3.438104689121246338e-01 2.528688684105873108e-02
6.450000000000000000e+02 3.347373604774475098e-01 1.574680954217910767e-02
6.460000000000000000e+02 2.955216169357299805e-01 1.099708024412393570e-02
6.470000000000000000e+02 2.976354956626892090e-01 1.416135020554065704e-02
6.480000000000000000e+02 3.345757126808166504e-01 1.469591353088617325e-02
6.490000000000000000e+02 4.164889156818389893e-01 3.635226190090179443e-02
6.500000000000000000e+02 4.998167753219604492e-01 2.895580418407917023e-02
6.510000000000000000e+02 6.124528646469116211e-01 6.167872622609138489e-02
6.520000000000000000e+02 7.507764697074890137e-01 6.097737699747085571e-02
6.530000000000000000e+02 8.420823216438293457e-01 3.285449370741844177e-02
