5.590000000000000000e+02 9.973821043968200684e-02 8.217982947826385498e-03
5.600000000000000000e+02 8.062160760164260864e-02 4.661967977881431580e-03
5.610000000000000000e+02 8.623421192169189453e-02 7.219279650598764420e-03
5.620000000000000000e+02 7.782137393951416016e-02 2.459608251228928566e-03
5.630000000000000000e+02 8.254135400056838989e-02 7.796508260071277618e-03
5.640000000000000000e+02 7.947691529989242554e-02 3.654581960290670395e-03
5.650000000000000000e+02 1.189283430576324463e-01 4.127277433872222900e-02
5.660000000000000000e+02 9.998594224452972412e-02 2.823817357420921326e-02
5.670000000000000000e+02 1.774586141109466553e-01 5.400335043668746948e-02
5.680000000000000000e+02 2.525350749492645264e-01 3.407731652259826660e-02
5.690000000000000000e+02 2.056491225957870483e-01 2.612141519784927368e-02
5.700000000000000000e+02 1.721388995647430420e-01 2.171927131712436676e-02
5.710000000000000000e+02 1.846424490213394165e-01 3.171833977103233337e-02
5.720000000000000000e+02 3.155469894409179688e-01 2.894934453070163727e-02
5.730000000000000000e+02 3.551236391067504883e-01 1.580110937356948853e-02
5.740000000000000000e+02 3.550510108470916748e-01 9.755449369549751282e-03
5.750000000000000000e+02 3.543063700199127197e-01 1.832486875355243683e-02
5.760000000000000000e+02 2.446620166301727295e-01 3.028467483818531036e-02
5.770000000000000000e+02 1.328337490558624268e-01 2.925756201148033142e-02
5.780000000000000000e+02 1.029405593872070312e-01 7.834817282855510712e-03
5.790000000000000000e+02 8.477217704057693481e-02 9.476739913225173950e-03
5.800000000000000000e+02 8.259962499141693115e-02 4.852226469665765762e-03
5.810000000000000000e+02 7.618115842342376709e-02 2.308425260707736015e-03
5.820000000000000000e+02 7.142800837755203247e-02 4.297085106372833252e-03
5.830000000000000000e+02 6.784825772047042847e-02 1.536894240416586399e-03
5.840000000000000000e+02 7.254145294427871704e-02 6.901267915964126587e-03
5.850000000000000000e+02 1.084367334842681885e-01 2.341925911605358124e-02
5.860000000000000000e+02 1.428634673357009888e-01 1.613390259444713593e-02
5.870000000000000000e+02 1.963267624378204346e-01 9.695900604128837585e-03
5.880000000000000000e+02 1.830126494169235229e-01 7.548932451754808426e-03
5.890000000000000000e+02 1.273986399173736572e-01 1.387123670428991318e-02
5.900000000000000000e+02 1.116565167903900146e-01 1.290800888091325760e-02
5.910000000000000000e+02 9.820054471492767334e-02 4.921611864119768143e-03
5.920000000000000000e+02 9.174205362796783447e-02 3.648789133876562119e-03
5.930000000000000000e+02 8.845739811658859253e-02 8.918819017708301544e-03
5.940000000000000000e+02 7.447607815265655518e-02 2.568763447925448418e-03
5.950000000000000000e+02 7.505604624748229980e-02 4.492857493460178375e-03
5.960000000000000000e+02 6.497932970523834229e-02 5.614423658698797226e-03
5.970000000000000000e+02 5.851933360099792480e-02 2.841496840119361877e-03
5.980000000000000000e+02 6.687241047620773315e-02 1.020339783281087875e-02
5.990000000000000000e+02 6.959508359432220459e-02 3.984923008829355240e-03
6.000000000000000000e+02 8.151144534349441528e-02 7.418598514050245285e-03
6.010000000000000000e+02 8.717107772827148438e-02 1.105450652539730072e-02
6.020000000000000000e+02 8.832326531410217285e-02 3.459154861047863960e-03
6.030000000000000000e+02 1.009814143180847168e-01 1.251439657062292099e-02
6.040000000000000000e+02 1.193502396345138550e-01 1.877864077687263489e-02
6.050000000000000000e+02 1.009751632809638977e-01 5.145657341927289963e-03
6.060000000000000000e+02 9.462308883666992188e-02 3.254616400226950645e-03
6.070000000000000000e+02 8.995152264833450317e-02 3.587195416912436485e-03
6.080000000000000000e+02 9.787916392087936401e-02 5.770137067884206772e-03
6.090000000000000000e+02 8.986218273639678955e-02 4.046487156301736832e-03
6.100000000000000000e+02 8.271462470293045044e-02 2.841843990609049797e-03
6.110000000000000000e+02 8.035305887460708618e-02 5.828451830893754959e-03
6.120000000000000000e+02 8.005057275295257568e-02 4.687219392508268356e-03
6.130000000000000000e+02 7.935901731252670288e-02 4.365000873804092407e-03
6.140000000000000000e+02 7.527994364500045776e-02 5.383314564824104309e-03
6.150000000000000000e+02 8.929765224456787109e-02 5.897620227187871933e-03
6.160000000000000000e+02 1.127208918333053589e-01 8.738411590456962585e-03
6.170000000000000000e+02 1.055895313620567322e-01 3.509094938635826111e-03
6.180000000000000000e+02 8.351329714059829712e-02 3.484165528789162636e-03
6.190000000000000000e+02 7.755818963050842285e-02 2.408964326605200768e-03
6.200000000000000000e+02 7.594791054725646973e-02 4.181548953056335449e-03
6.210000000000000000e+02 8.111727237701416016e-02 5.028863437473773956e-03
6.220000000000000000e+02 8.072257786989212036e-02 1.470750081352889538e-03
6.230000000000000000e+02 8.864617347717285156e-02 2.059703227132558823e-03
6.240000000000000000e+02 1.126181185245513916e-01 1.939035020768642426e-02
6.250000000000000000e+02 1.839757561683654785e-01 5.068060755729675293e-02
6.260000000000000000e+02 1.872075796127319336e-01 1.264179125428199768e-02
6.270000000000000000e+02 2.756557464599609375e-01 1.803976111114025116e-02
6.280000000000000000e+02 2.220160067081451416e-01 2.036338113248348236e-02
6.290000000000000000e+02 1.912966966629028320e-01 8.784430101513862610e-03
6.300000000000000000e+02 1.621923148632049561e-01 1.327711436897516251e-02
6.310000000000000000e+02 1.483877748250961304e-01 9.579716250300407410e-03
6.320000000000000000e+02 1.079571396112442017e-01 7.457358762621879578e-03
6.330000000000000000e+02 8.012826740741729736e-02 3.127378877252340317e-03
6.340000000000000000e+02 6.930226087570190430e-02 3.660836257040500641e-03
6.350000000000000000e+02 6.656426191329956055e-02 3.777611069381237030e-03
6.360000000000000000e+02 5.983981490135192871e-02 3.151585813611745834e-03
6.370000000000000000e+02 6.043136864900588989e-02 2.882244763895869255e-03
6.380000000000000000e+02 7.222883403301239014e-02 5.060085561126470566e-03
6.390000000000000000e+02 1.095095351338386536e-01 1.491309422999620438e-02
6.400000000000000000e+02 1.525253355503082275e-01 2.475069835782051086e-02
6.410000000000000000e+02 1.442580372095108032e-01 1.011382974684238434e-02
6.420000000000000000e+02 1.807923018932342529e-01 1.312529388815164566e-02
6.430000000000000000e+02 1.597801744937896729e-01 1.575300656259059906e-02
6.440000000000000000e+02 1.216135770082473755e-01 1.416947413235902786e-02
6.450000000000000000e+02 1.068852096796035767e-01 2.171043492853641510e-02
6.460000000000000000e+02 1.433849930763244629e-01 1.299511454999446869e-02
6.470000000000000000e+02 1.885781288146972656e-01 9.984818287193775177e-03
6.480000000000000000e+02 2.100355029106140137e-01 9.525337256491184235e-03
6.490000000000000000e+02 2.100281119346618652e-01 6.150625180453062057e-03
6.500000000000000000e+02 2.703397572040557861e-01 2.763283997774124146e-02
6.510000000000000000e+02 3.924216330051422119e-01 4.063659161329269409e-02
6.520000000000000000e+02 4.957022070884704590e-01 2.496714517474174500e-02
6.530000000000000000e+02 5.383220314979553223e-01 3.190878406167030334e-02
