6.580000000000000000e+02 1.205236315727233887e-01 1.555655244737863541e-02
6.590000000000000000e+02 7.055864483118057251e-02 1.046475768089294434e-02
6.600000000000000000e+02 7.228075712919235229e-02 1.135012134909629822e-02
6.610000000000000000e+02 9.890246391296386719e-02 2.858646586537361145e-02
6.620000000000000000e+02 8.349702507257461548e-02 1.043645292520523071e-02
6.630000000000000000e+02 7.468210160732269287e-02 1.131050940603017807e-02
6.640000000000000000e+02 6.686662137508392334e-02 5.146779119968414307e-03
6.650000000000000000e+02 6.949716061353683472e-02 4.656078759580850601e-03
6.660000000000000000e+02 1.110994890332221985e-01 4.470898956060409546e-02
6.670000000000000000e+02 1.304850280284881592e-01 2.240677177906036377e-02
6.680000000000000000e+02 1.188180893659591675e-01 4.645041655749082565e-03
6.690000000000000000e+02 1.106914058327674866e-01 1.018063630908727646e-02
6.700000000000000000e+02 7.667444646358489990e-02 7.578337565064430237e-03
6.710000000000000000e+02 6.648027151823043823e-02 2.758658956736326218e-03
6.720000000000000000e+02 7.126352190971374512e-02 1.066026650369167328e-02
6.730000000000000000e+02 8.298291265964508057e-02 7.523202802985906601e-03
6.740000000000000000e+02 9.220362454652786255e-02 7.807590533047914505e-03
6.750000000000000000e+02 9.402997791767120361e-02 6.328165065497159958e-03
6.760000000000000000e+02 7.047019153833389282e-02 5.762384738773107529e-03
6.770000000000000000e+02 6.532883644104003906e-02 8.073841221630573273e-03
6.780000000000000000e+02 5.355579778552055359e-02 2.480449620634317398e-03
6.790000000000000000e+02 5.771267786622047424e-02 5.592835135757923126e-03
6.800000000000000000e+02 4.956274479627609253e-02 3.477126592770218849e-03
6.810000000000000000e+02 5.083545297384262085e-02 2.435325644910335541e-03
6.820000000000000000e+02 4.943246021866798401e-02 4.485930781811475754e-03
6.830000000000000000e+02 4.505194723606109619e-02 3.428849158808588982e-03
6.840000000000000000e+02 4.272348061203956604e-02 3.073505125939846039e-03
6.850000000000000000e+02 5.475551262497901917e-02 9.603577665984630585e-03
6.860000000000000000e+02 8.916191756725311279e-02 1.709285005927085876e-02
6.870000000000000000e+02 1.232703998684883118e-01 7.250713650137186050e-03
6.880000000000000000e+02 1.220172718167304993e-01 1.031608227640390396e-02
6.890000000000000000e+02 7.384748756885528564e-02 9.377548471093177795e-03
6.900000000000000000e+02 7.057656347751617432e-02 6.751423701643943787e-03
6.910000000000000000e+02 6.348457187414169312e-02 3.304569749161601067e-03
6.920000000000000000e+02 6.614004075527191162e-02 5.207950714975595474e-03
6.930000000000000000e+02 6.393459439277648926e-02 6.987296044826507568e-03
6.940000000000000000e+02 4.815320298075675964e-02 2.797477878630161285e-03
6.950000000000000000e+02 4.452163353562355042e-02 2.980821765959262848e-03
6.960000000000000000e+02 4.134664312005043030e-02 4.655007272958755493e-03
6.970000000000000000e+02 4.046551510691642761e-02 4.372453317046165466e-03
6.980000000000000000e+02 4.480664059519767761e-02 5.556667689234018326e-03
6.990000000000000000e+02 4.616937041282653809e-02 3.108301199972629547e-03
7.000000000000000000e+02 5.094811692833900452e-02 5.950620397925376892e-03
7.010000000000000000e+02 6.540921330451965332e-02 6.341628264635801315e-03
7.020000000000000000e+02 5.539397150278091431e-02 3.121555317193269730e-03
7.030000000000000000e+02 5.780892074108123779e-02 6.330634001642465591e-03
7.040000000000000000e+02 4.973189905285835266e-02 2.812549704685807228e-03
7.050000000000000000e+02 5.338184908032417297e-02 6.768260151147842407e-03
7.060000000000000000e+02 6.165087223052978516e-02 7.396763190627098083e-03
7.070000000000000000e+02 5.816508084535598755e-02 4.743345081806182861e-03
7.080000000000000000e+02 5.036423727869987488e-02 2.361363731324672699e-03
7.090000000000000000e+02 5.306364595890045166e-02 8.115036413073539734e-03
7.100000000000000000e+02 4.903230816125869751e-02 3.106139367446303368e-03
7.110000000000000000e+02 4.935342445969581604e-02 5.118622910231351852e-03
7.120000000000000000e+02 4.550242424011230469e-02 4.605616908520460129e-03
7.130000000000000000e+02 5.571445450186729431e-02 4.019492305815219879e-03
7.140000000000000000e+02 7.871311902999877930e-02 8.750777691602706909e-03
7.150000000000000000e+02 7.226736843585968018e-02 4.018552601337432861e-03
7.160000000000000000e+02 5.211185663938522339e-02 4.793222527951002121e-03
7.170000000000000000e+02 4.620829597115516663e-02 1.752497279085218906e-03
7.180000000000000000e+02 5.242492631077766418e-02 3.068151883780956268e-03
7.190000000000000000e+02 5.421752482652664185e-02 4.250927828252315521e-03
7.200000000000000000e+02 4.754436388611793518e-02 2.558078849688172340e-03
7.210000000000000000e+02 4.648742452263832092e-02 2.753593726083636284e-03
7.220000000000000000e+02 4.690935462713241577e-02 3.068926744163036346e-03
7.230000000000000000e+02 4.462984204292297363e-02 3.394550876691937447e-03
7.240000000000000000e+02 5.008116364479064941e-02 3.921980503946542740e-03
7.250000000000000000e+02 6.833811849355697632e-02 8.195955306291580200e-03
7.260000000000000000e+02 6.681209802627563477e-02 3.157386323437094688e-03
7.270000000000000000e+02 7.016313821077346802e-02 7.933052256703376770e-03
7.280000000000000000e+02 6.635781377553939819e-02 4.655625671148300171e-03
7.290000000000000000e+02 6.387915462255477905e-02 5.196006502956151962e-03
7.300000000000000000e+02 5.416437238454818726e-02 3.697630250826478004e-03
7.310000000000000000e+02 6.672313809394836426e-02 4.658340942114591599e-03
7.320000000000000000e+02 6.131232157349586487e-02 5.763883702456951141e-03
7.330000000000000000e+02 5.268647521734237671e-02 2.368534216657280922e-03
7.340000000000000000e+02 5.131096392869949341e-02 3.325178520753979683e-03
7.350000000000000000e+02 4.546740651130676270e-02 2.324760891497135162e-03
7.360000000000000000e+02 4.312198609113693237e-02 3.557505551725625992e-03
7.370000000000000000e+02 5.446761846542358398e-02 8.406681008636951447e-03
7.380000000000000000e+02 8.604964613914489746e-02 1.049449201673269272e-02
7.390000000000000000e+02 9.094996750354766846e-02 1.809602603316307068e-02
7.400000000000000000e+02 1.016150936484336853e-01 1.017311587929725647e-02
7.410000000000000000e+02 6.333596259355545044e-02 4.558949265629053116e-03
7.420000000000000000e+02 6.423212587833404541e-02 6.631920579820871353e-03
7.430000000000000000e+02 5.880809947848320007e-02 4.550790414214134216e-03
7.440000000000000000e+02 6.232379749417304993e-02 5.763289052993059158e-03
7.450000000000000000e+02 6.018757075071334839e-02 2.486128825694322586e-03
7.460000000000000000e+02 6.699967384338378906e-02 3.238952253013849258e-03
7.470000000000000000e+02 6.636331230401992798e-02 6.232587154954671860e-03
7.480000000000000000e+02 6.276360154151916504e-02 2.513543004170060158e-03
7.490000000000000000e+02 6.486573070287704468e-02 5.987558979541063309e-03
7.500000000000000000e+02 6.303803622722625732e-02 9.714839048683643341e-03
7.510000000000000000e+02 8.508710563182830811e-02 6.021093577146530151e-03
