3.250000000000000000e+00
3.750000000000000000e+00
4.250000000000000000e+00
4.750000000000000000e+00
5.250000000000000000e+00
5.750000000000000000e+00
6.250000000000000000e+00
6.750000000000000000e+00
7.250000000000000000e+00
7.750000000000000000e+00
8.250000000000000000e+00
8.750000000000000000e+00
9.250000000000000000e+00
9.750000000000000000e+00
1.025000000000000000e+01
1.075000000000000000e+01
1.125000000000000000e+01
1.175000000000000000e+01
1.225000000000000000e+01
1.275000000000000000e+01
1.325000000000000000e+01
1.375000000000000000e+01
1.425000000000000000e+01
1.475000000000000000e+01
1.525000000000000000e+01
1.575000000000000000e+01
1.625000000000000000e+01
1.675000000000000000e+01
1.725000000000000000e+01
